{
 "cells": [
  {
   "cell_type": "code",
   "execution_count": 1,
   "id": "a1a93ae1",
   "metadata": {},
   "outputs": [
    {
     "name": "stdout",
     "output_type": "stream",
     "text": [
      "['eventID', 'eventTime', 'actionType', 'ownershipChange', 'maliciousPlayersTag', 'subjectPersonID', 'subjectPersonRank', 'subjectPersonParts', 'objectFileID', 'objectFileName', 'isFileFromLocal', 'objectFileRank', 'objectFileRankAssumption', 'objectFileCreatedTime', 'objectFileLastModifiedTime', 'objectPersonID', 'objectPersonRank', 'objectPersonParts']\n",
      "['eventID', 'eventTime', 'actionType', 'ownershipChange', 'maliciousPlayersTag', 'subjectPersonID', 'subjectPersonRank', 'subjectPersonParts', 'objectFileID', 'objectFileName', 'isFileFromLocal', 'objectFileRank', 'objectFileRankAssumption', 'objectFileCreatedTime', 'objectFileLastModifiedTime', 'objectPersonID', 'objectPersonRank', 'objectPersonParts']\n"
     ]
    }
   ],
   "source": [
    "import csv\n",
    "import datetime\n",
    "from itertools import islice\n",
    "\n",
    "\n",
    "datasetDir = 'FileLogGenerator\\\\'\n",
    "GenTimeFormat = '%m/%d/%Y %H:%M:%S.%f'\n",
    "\n",
    "f = open(datasetDir+'fileLog2.csv', 'r',encoding='utf-8')\n",
    "fileData = csv.reader(f)\n",
    "\n",
    "headers = next(fileData, None)\n",
    "print(headers)\n",
    "\n",
    "GenUserActs = {}\n",
    "count = 0\n",
    "for row in fileData:\n",
    "    if not row[4]:\n",
    "        \n",
    "        actTime = row[1]\n",
    "        act = row[2]\n",
    "        user = row[5]\n",
    "        toWho = row[15]\n",
    "        fileID = row[8]\n",
    "\n",
    "        userAct = {}\n",
    "        userAct['actTime'] = actTime\n",
    "        userAct['act'] = act\n",
    "        userAct['fileID'] = fileID\n",
    "\n",
    "        if user in GenUserActs:\n",
    "            GenUserActs[user].append(userAct)\n",
    "\n",
    "        else:\n",
    "            GenUserActs[user] = [userAct]\n",
    "            \n",
    "        if act == 'fileSend':\n",
    "            plusUserAct = {}\n",
    "            plusUserAct['actTime'] = actTime\n",
    "            plusUserAct['act'] = 'fileReceive'\n",
    "            plusUserAct['fileID'] = fileID\n",
    "            if toWho in GenUserActs:\n",
    "                GenUserActs[toWho].append(plusUserAct)\n",
    "\n",
    "            else:\n",
    "                GenUserActs[toWho] = [plusUserAct]\n",
    "\n",
    "        count += 1\n",
    "        if count % 100000 == 0:\n",
    "            print(count)\n",
    "            \n",
    "f.close()       \n",
    "f = open(datasetDir+'fileLog2.csv', 'r',encoding='utf-8')\n",
    "fileData = csv.reader(f)\n",
    "\n",
    "headers = next(fileData, None)\n",
    "print(headers)\n",
    "            \n",
    "GenUserAttackActs = {}\n",
    "ReciveFirstInActs = {}\n",
    "count = 0\n",
    "for row in fileData:\n",
    "    if row[4]:\n",
    "        AttackSet = row[4][0]\n",
    "        if not AttackSet in GenUserAttackActs:\n",
    "            GenUserAttackActs[AttackSet] = {}\n",
    "            ReciveFirstInActs[AttackSet] = {}\n",
    "            \n",
    "        actTime = row[1]\n",
    "        act = row[2]\n",
    "        user = row[5]\n",
    "        toWho = row[15]\n",
    "        fileID = row[8]\n",
    "\n",
    "        userAct = {}\n",
    "        userAct['actTime'] = actTime\n",
    "        userAct['act'] = act\n",
    "        userAct['fileID'] = fileID\n",
    "\n",
    "        if user in GenUserAttackActs[AttackSet]:\n",
    "            GenUserAttackActs[AttackSet][user].append(userAct)\n",
    "\n",
    "        else:\n",
    "            if user in ReciveFirstInActs[AttackSet]:\n",
    "                GenUserAttackActs[AttackSet][user] = ReciveFirstInActs[AttackSet][user]\n",
    "                \n",
    "            else:\n",
    "                GenUserAttackActs[AttackSet][user] = []\n",
    "            \n",
    "            GenUserAttackActs[AttackSet][user].append(userAct)\n",
    "            \n",
    "        if act == 'fileSend':\n",
    "            plusUserAct = {}\n",
    "            plusUserAct['actTime'] = actTime\n",
    "            plusUserAct['act'] = 'fileReceive'\n",
    "            plusUserAct['fileID'] = fileID\n",
    "            if toWho in GenUserAttackActs[AttackSet]:\n",
    "                GenUserAttackActs[AttackSet][toWho].append(plusUserAct)\n",
    "\n",
    "            else:\n",
    "                if toWho in ReciveFirstInActs[AttackSet]:\n",
    "                    ReciveFirstInActs[AttackSet][toWho].append(plusUserAct)\n",
    "                    \n",
    "                else:\n",
    "                    ReciveFirstInActs[AttackSet][toWho] = [plusUserAct]\n",
    "\n",
    "        count += 1\n",
    "        if count % 100000 == 0:\n",
    "            print(count)"
   ]
  },
  {
   "cell_type": "code",
   "execution_count": 2,
   "id": "61d4bfa8",
   "metadata": {},
   "outputs": [],
   "source": [
    "def genActionsParse(actions, windowTime):\n",
    "    GenTimeFormat = '%Y-%m-%d %H:%M:%S.%f'\n",
    "    \n",
    "    preWindow = []\n",
    "    userActionInfo = []\n",
    "    for action in actions:\n",
    "        cWindow = []\n",
    "        currentTime = datetime.datetime.strptime(action['actTime'], GenTimeFormat)\n",
    "        \n",
    "        for idx in range(len(preWindow)):\n",
    "            if currentTime - datetime.datetime.strptime(preWindow[idx]['actTime'], GenTimeFormat) <= windowTime:\n",
    "                cWindow = preWindow[idx:]\n",
    "                break\n",
    "                \n",
    "        cWindow.append(action)\n",
    "        fileOpenCount = 0\n",
    "        fileWriteCount = 0\n",
    "        fileSendCount = 0\n",
    "        fileReceiveCount = 0\n",
    "        \n",
    "        for cAcction in cWindow:\n",
    "            if cAcction['act'] == 'fileRead':\n",
    "                fileOpenCount += 1\n",
    "                \n",
    "            elif cAcction['act'] == 'fileWrite':\n",
    "                fileWriteCount += 1\n",
    "                \n",
    "            elif cAcction['act'] == 'fileSend':\n",
    "                fileSendCount += 1\n",
    "                \n",
    "            elif cAcction['act'] == 'fileReceive':\n",
    "                fileReceiveCount += 1\n",
    "                \n",
    "        cWindowInfo = {}\n",
    "        cWindowInfo['windowTime'] = str(currentTime)\n",
    "        cWindowInfo['fileOpenCount'] = fileOpenCount\n",
    "        cWindowInfo['fileWriteCount'] = fileWriteCount\n",
    "        cWindowInfo['fileSendCount'] = fileSendCount\n",
    "        cWindowInfo['fileReceiveCount'] = fileReceiveCount\n",
    "        userActionInfo.append(cWindowInfo)\n",
    "        \n",
    "        preWindow = cWindow\n",
    "        \n",
    "    return userActionInfo\n",
    "\n",
    "\n",
    "windowTime = datetime.timedelta(hours=1)\n",
    "\n",
    "GenUserWindowInfo = {}\n",
    "for user in GenUserActs:\n",
    "    GenUserWindowInfo[user] = genActionsParse(GenUserActs[user], windowTime)\n",
    "    \n",
    "GenUserAttackWindowInfo = {}\n",
    "for attack in GenUserAttackActs:\n",
    "    GenUserAttackWindowInfo[attack] = {}\n",
    "    for user in GenUserAttackActs[attack]:\n",
    "        GenUserAttackWindowInfo[attack][user] = genActionsParse(GenUserAttackActs[attack][user], windowTime)\n",
    "        "
   ]
  },
  {
   "cell_type": "code",
   "execution_count": 3,
   "id": "285fc1cf",
   "metadata": {},
   "outputs": [],
   "source": [
    "import numpy as np\n",
    "\n",
    "GenUserStatic = {}\n",
    "for user in list(GenUserWindowInfo.keys()):\n",
    "    windowActInfos = []\n",
    "    for windowInfo in GenUserWindowInfo[user]:\n",
    "        windowActInfo = []\n",
    "        windowActInfo.append(windowInfo['fileOpenCount'])\n",
    "        windowActInfo.append(windowInfo['fileWriteCount'])\n",
    "        windowActInfo.append(windowInfo['fileSendCount'])\n",
    "        windowActInfo.append(windowInfo['fileReceiveCount'])\n",
    "        \n",
    "        windowActInfos.append(windowActInfo)\n",
    "        \n",
    "    GenUserStatic[user] = {}\n",
    "    GenUserStatic[user]['means'] = np.mean(windowActInfos, axis=0)\n",
    "    GenUserStatic[user]['vars'] = np.var(windowActInfos, axis=0)\n",
    "    GenUserStatic[user]['covM'] = np.cov(windowActInfos, rowvar=False)\n",
    "    \n",
    "\n",
    "GenUserAttackStatic = {}\n",
    "for attack in GenUserAttackWindowInfo:\n",
    "    GenUserAttackStatic[attack] = {}\n",
    "    for user in list(GenUserAttackWindowInfo[attack].keys()):\n",
    "        windowActInfos = []\n",
    "        for windowInfo in GenUserAttackWindowInfo[attack][user]:\n",
    "            windowActInfo = []\n",
    "            windowActInfo.append(windowInfo['fileOpenCount'])\n",
    "            windowActInfo.append(windowInfo['fileWriteCount'])\n",
    "            windowActInfo.append(windowInfo['fileSendCount'])\n",
    "            windowActInfo.append(windowInfo['fileReceiveCount'])\n",
    "\n",
    "            windowActInfos.append(windowActInfo)\n",
    "\n",
    "        GenUserAttackStatic[attack][user] = {}\n",
    "        GenUserAttackStatic[attack][user]['means'] = np.mean(windowActInfos, axis=0)\n",
    "        GenUserAttackStatic[attack][user]['vars'] = np.var(windowActInfos, axis=0)\n",
    "        GenUserAttackStatic[attack][user]['covM'] = np.cov(windowActInfos, rowvar=False)"
   ]
  },
  {
   "cell_type": "code",
   "execution_count": 4,
   "id": "ab95de8b",
   "metadata": {},
   "outputs": [
    {
     "name": "stdout",
     "output_type": "stream",
     "text": [
      "P00009\n",
      "{'means': array([2.34778982, 2.61718098, 1.55768696, 1.63580762]), 'vars': array([2.44312342, 3.09809792, 1.41709201, 1.71890686]), 'covM': array([[ 2.44380282e+00,  1.72665903e-01,  1.31905899e-01,\n",
      "        -2.61271675e-03],\n",
      "       [ 1.72665903e-01,  3.09895946e+00,  3.50208414e-02,\n",
      "        -9.16276170e-02],\n",
      "       [ 1.31905899e-01,  3.50208414e-02,  1.41748608e+00,\n",
      "         1.18345361e-01],\n",
      "       [-2.61271675e-03, -9.16276170e-02,  1.18345361e-01,\n",
      "         1.71938487e+00]])}\n",
      "P00001\n",
      "{'means': array([1.63983488, 1.40402477, 0.56656347, 0.39318885]), 'vars': array([1.45851638, 1.37494768, 0.7584692 , 0.3861662 ]), 'covM': array([[ 1.45926936, -0.0082554 , -0.17529102, -0.00648125],\n",
      "       [-0.0082554 ,  1.37565752, -0.12886897, -0.05362255],\n",
      "       [-0.17529102, -0.12886897,  0.75886077, -0.02979936],\n",
      "       [-0.00648125, -0.05362255, -0.02979936,  0.38636556]])}\n",
      "P00008\n",
      "{'means': array([2.65472664, 2.29060059, 1.53568543, 1.56127121]), 'vars': array([2.95969824, 2.58051224, 1.59373059, 1.65642629]), 'covM': array([[ 2.96049557,  0.49152747, -0.07064959, -0.12269674],\n",
      "       [ 0.49152747,  2.58120742,  0.06222937,  0.11863911],\n",
      "       [-0.07064959,  0.06222937,  1.59415994,  0.04866152],\n",
      "       [-0.12269674,  0.11863911,  0.04866152,  1.65687252]])}\n",
      "P00013\n",
      "{'means': array([1.77179345, 1.67018323, 0.36091061, 0.38200999]), 'vars': array([1.59422938, 1.81015482, 0.3328196 , 0.40709446]), 'covM': array([[ 1.59511506, -0.21475261, -0.02425875,  0.01278117],\n",
      "       [-0.21475261,  1.81116047, -0.06812172,  0.02828552],\n",
      "       [-0.02425875, -0.06812172,  0.3330045 , -0.03017028],\n",
      "       [ 0.01278117,  0.02828552, -0.03017028,  0.40732062]])}\n",
      "P00003\n",
      "{'means': array([1.45673352, 1.36905444, 0.50773639, 0.64011461]), 'vars': array([1.52721111, 1.38242346, 0.49750462, 1.8991358 ]), 'covM': array([[ 1.5280868 , -0.01269288, -0.08237724, -0.27303403],\n",
      "       [-0.01269288,  1.38321614, -0.05446229, -0.20311572],\n",
      "       [-0.08237724, -0.05446229,  0.49778988,  0.17308398],\n",
      "       [-0.27303403, -0.20311572,  0.17308398,  1.90022476]])}\n",
      "P00005\n",
      "{'means': array([1.35814607, 1.43609551, 0.47401685, 0.35955056]), 'vars': array([1.29869769, 1.32737689, 0.44876308, 0.32297058]), 'covM': array([[ 1.29961033, -0.22165053,  0.01844793, -0.05507434],\n",
      "       [-0.22165053,  1.32830969, -0.02836575,  0.00401905],\n",
      "       [ 0.01844793, -0.02836575,  0.44907844, -0.01876081],\n",
      "       [-0.05507434,  0.00401905, -0.01876081,  0.32319755]])}\n",
      "P00004\n",
      "{'means': array([1.68894952, 1.33697135, 0.44065484, 0.39154161]), 'vars': array([1.65358866, 1.2534353 , 0.44702385, 0.36784114]), 'covM': array([[ 1.65471739, -0.04801438, -0.09697023, -0.06379319],\n",
      "       [-0.04801438,  1.25429089, -0.00456211, -0.01940038],\n",
      "       [-0.09697023, -0.00456211,  0.44732899, -0.01087773],\n",
      "       [-0.06379319, -0.01940038, -0.01087773,  0.36809223]])}\n",
      "P00007\n",
      "{'means': array([2.53180118, 2.0494388 , 1.83538215, 1.59486905]), 'vars': array([3.01382033, 2.45426345, 1.90876414, 1.54351189]), 'covM': array([[ 3.01462594,  0.33135974,  0.20277721, -0.05714767],\n",
      "       [ 0.33135974,  2.45491949,  0.13805247, -0.06095984],\n",
      "       [ 0.20277721,  0.13805247,  1.90927437,  0.12441575],\n",
      "       [-0.05714767, -0.06095984,  0.12441575,  1.54392448]])}\n",
      "P00016\n",
      "{'means': array([2.25229606, 1.9443544 , 0.27066451, 0.34846029]), 'vars': array([2.32370488, 1.85481821, 0.28924748, 0.35129288]), 'covM': array([[ 2.32496094, -0.21946676, -0.02724342, -0.04201673],\n",
      "       [-0.21946676,  1.85582081, -0.07898462, -0.08113978],\n",
      "       [-0.02724342, -0.07898462,  0.28940383, -0.00896141],\n",
      "       [-0.04201673, -0.08113978, -0.00896141,  0.35148276]])}\n",
      "P00017\n",
      "{'means': array([1.73326134, 1.68520518, 0.61285097, 0.62257019]), 'vars': array([1.44504919, 1.80641178, 0.56771822, 0.59674761]), 'covM': array([[ 1.44582988, -0.23474265, -0.00932016,  0.06188529],\n",
      "       [-0.23474265,  1.80738769, -0.0679135 ,  0.02807046],\n",
      "       [-0.00932016, -0.0679135 ,  0.56802493, -0.00681641],\n",
      "       [ 0.06188529,  0.02807046, -0.00681641,  0.59707   ]])}\n",
      "P00011\n",
      "{'means': array([1.56011119, 1.52258513, 0.44127867, 0.42738013]), 'vars': array([1.39996552, 1.49896872, 0.41194444, 0.46849286]), 'covM': array([[ 1.40093907, -0.00570488, -0.09017427, -0.04969985],\n",
      "       [-0.00570488,  1.50001111, -0.05552264, -0.13518071],\n",
      "       [-0.09017427, -0.05552264,  0.41223091, -0.00235492],\n",
      "       [-0.04969985, -0.13518071, -0.00235492,  0.46881865]])}\n",
      "P00012\n",
      "{'means': array([1.57553059, 1.38764045, 0.28277154, 0.3258427 ]), 'vars': array([1.31545618, 1.2997973 , 0.2789666 , 0.36948197]), 'covM': array([[ 1.31627783, -0.21574297, -0.01793589, -0.01962959],\n",
      "       [-0.21574297,  1.30060917, -0.05346729, -0.0220789 ],\n",
      "       [-0.01793589, -0.05346729,  0.27914085, -0.01037273],\n",
      "       [-0.01962959, -0.0220789 , -0.01037273,  0.36971275]])}\n",
      "P00015\n",
      "{'means': array([2.63868816, 2.1684269 , 1.59032796, 1.4282935 ]), 'vars': array([3.50536259, 2.68258291, 1.60204097, 1.36270142]), 'covM': array([[ 3.50633712,  0.54961217,  0.03931786, -0.04760035],\n",
      "       [ 0.54961217,  2.68332869,  0.15547992,  0.02069896],\n",
      "       [ 0.03931786,  0.15547992,  1.60248635,  0.02927568],\n",
      "       [-0.04760035,  0.02069896,  0.02927568,  1.36308027]])}\n",
      "P00002\n",
      "{'means': array([1.6150771 , 1.26156482, 0.52198744, 0.55339806]), 'vars': array([1.5788475 , 1.15945363, 0.67441661, 0.96902186]), 'covM': array([[ 1.57974969, -0.03640304, -0.1035317 , -0.19086269],\n",
      "       [-0.03640304,  1.16011618, -0.18289728, -0.24768932],\n",
      "       [-0.1035317 , -0.18289728,  0.67480199,  0.20468239],\n",
      "       [-0.19086269, -0.24768932,  0.20468239,  0.96957559]])}\n",
      "P00006\n",
      "{'means': array([1.88790867, 1.59159315, 0.45199792, 0.32537623]), 'vars': array([1.74768462, 1.64171448, 0.4999013 , 0.35962071]), 'covM': array([[ 1.74859204, -0.11070399, -0.11805215,  0.01624157],\n",
      "       [-0.11070399,  1.64256688, -0.08737156, -0.07161418],\n",
      "       [-0.11805215, -0.08737156,  0.50016086,  0.01796329],\n",
      "       [ 0.01624157, -0.07161418,  0.01796329,  0.35980743]])}\n",
      "P00010\n",
      "{'means': array([1.68142077, 1.43879781, 0.46775956, 0.51639344]), 'vars': array([1.67828869, 1.47904118, 0.50469826, 0.92841978]), 'covM': array([[ 1.67920629, -0.10726128, -0.07123902, -0.12353342],\n",
      "       [-0.10726128,  1.47984984, -0.0304051 , -0.22890319],\n",
      "       [-0.07123902, -0.0304051 ,  0.5049742 , -0.00329841],\n",
      "       [-0.12353342, -0.22890319, -0.00329841,  0.92892739]])}\n",
      "P00014\n",
      "{'means': array([2.15825123, 2.93965517, 1.37222906, 1.27124384]), 'vars': array([2.84010433, 3.65337821, 1.5070736 , 1.16318786]), 'covM': array([[ 2.84097902,  0.47490522,  0.15173214, -0.05741279],\n",
      "       [ 0.47490522,  3.65450336, -0.07053991,  0.06102981],\n",
      "       [ 0.15173214, -0.07053991,  1.50753775,  0.07331882],\n",
      "       [-0.05741279,  0.06102981,  0.07331882,  1.1635461 ]])}\n"
     ]
    }
   ],
   "source": [
    "for user in GenUserStatic:\n",
    "    print(user)\n",
    "    print(GenUserStatic[user])"
   ]
  },
  {
   "cell_type": "code",
   "execution_count": 5,
   "id": "193c2fd7",
   "metadata": {},
   "outputs": [
    {
     "name": "stdout",
     "output_type": "stream",
     "text": [
      "C\n",
      "P00005\n",
      "{'means': array([0.42616034, 0.28691983, 2.30801688, 0.04219409]), 'vars': array([0.53990635, 0.31430148, 3.52959818, 0.04041375]), 'covM': array([[ 5.42194093e-01, -9.31309447e-02, -2.50464850e-01,\n",
      "        -1.10848888e-03],\n",
      "       [-9.31309447e-02,  3.15633269e-01, -1.94682829e-01,\n",
      "         9.02882071e-03],\n",
      "       [-2.50464850e-01, -1.94682829e-01,  3.54455410e+00,\n",
      "        -6.38990202e-02],\n",
      "       [-1.10848888e-03,  9.02882071e-03, -6.38990202e-02,\n",
      "         4.05849961e-02]])}\n",
      "P00004\n",
      "{'means': array([0.57894737, 0.28508772, 2.18859649, 0.07017544]), 'vars': array([0.56832872, 0.25644429, 2.55653663, 0.06525085]), 'covM': array([[ 0.57083237,  0.08091815, -0.21099003, -0.00556457],\n",
      "       [ 0.08091815,  0.257574  , -0.10686684,  0.00633743],\n",
      "       [-0.21099003, -0.10686684,  2.5677989 ,  0.04838086],\n",
      "       [-0.00556457,  0.00633743,  0.04838086,  0.0655383 ]])}\n",
      "P00011\n",
      "{'means': array([0.8548124 , 0.53833605, 0.51386623, 3.43393148]), 'vars': array([0.78642464, 0.86843247, 0.6445875 , 8.00093675]), 'covM': array([[ 0.78770965, -0.03445767, -0.05762403, -0.13297402],\n",
      "       [-0.03445767,  0.86985148, -0.08754225,  0.41634413],\n",
      "       [-0.05762403, -0.08754225,  0.64564075, -0.2217131 ],\n",
      "       [-0.13297402,  0.41634413, -0.2217131 ,  8.01401017]])}\n",
      "B\n",
      "P00012\n",
      "{'means': array([ 1.69156627,  0.48915663,  0.        , 21.98554217]), 'vars': array([  1.8277602 ,   0.51976194,   0.        , 192.15400784]), 'covM': array([[ 1.83217508e+00,  5.06309295e-01,  0.00000000e+00,\n",
      "         4.06799371e+00],\n",
      "       [ 5.06309295e-01,  5.21017403e-01,  0.00000000e+00,\n",
      "        -1.52331063e-01],\n",
      "       [ 0.00000000e+00,  0.00000000e+00,  0.00000000e+00,\n",
      "         0.00000000e+00],\n",
      "       [ 4.06799371e+00, -1.52331063e-01,  0.00000000e+00,\n",
      "         1.92618148e+02]])}\n",
      "P00003\n",
      "{'means': array([ 3.19409283,  1.05063291, 12.3164557 ,  0.        ]), 'vars': array([ 2.53616764,  1.29701437, 64.51167014,  0.        ]), 'covM': array([[ 2.54691411,  0.53250375, -4.05744475,  0.        ],\n",
      "       [ 0.53250375,  1.30251019, -1.56693843,  0.        ],\n",
      "       [-4.05744475, -1.56693843, 64.78502467,  0.        ],\n",
      "       [ 0.        ,  0.        ,  0.        ,  0.        ]])}\n",
      "P00002\n",
      "{'means': array([ 2.25675676,  0.74774775, 11.95045045,  0.        ]), 'vars': array([ 3.03767957,  1.86429673, 60.33538268,  0.        ]), 'covM': array([[ 3.05142473,  1.78451755, -4.92387184,  0.        ],\n",
      "       [ 1.78451755,  1.87273246, -2.08947862,  0.        ],\n",
      "       [-4.92387184, -2.08947862, 60.60839346,  0.        ],\n",
      "       [ 0.        ,  0.        ,  0.        ,  0.        ]])}\n",
      "A\n",
      "P00010\n",
      "{'means': array([15.94857143,  0.55047619,  0.        ,  0.        ]), 'vars': array([50.94402177,  1.25697596,  0.        ,  0.        ]), 'covM': array([[51.04124318, -1.88575791,  0.        ,  0.        ],\n",
      "       [-1.88575791,  1.25937477,  0.        ,  0.        ],\n",
      "       [ 0.        ,  0.        ,  0.        ,  0.        ],\n",
      "       [ 0.        ,  0.        ,  0.        ,  0.        ]])}\n"
     ]
    }
   ],
   "source": [
    "for attack in GenUserAttackStatic:\n",
    "    print(attack)\n",
    "    for user in GenUserAttackStatic[attack]:\n",
    "        print(user)\n",
    "        print(GenUserAttackStatic[attack][user])"
   ]
  },
  {
   "cell_type": "code",
   "execution_count": null,
   "id": "266da3d7",
   "metadata": {},
   "outputs": [],
   "source": []
  },
  {
   "cell_type": "code",
   "execution_count": null,
   "id": "b829b2bb",
   "metadata": {},
   "outputs": [],
   "source": []
  },
  {
   "cell_type": "code",
   "execution_count": null,
   "id": "cbd27dcd",
   "metadata": {},
   "outputs": [],
   "source": [
    "import numpy as np\n",
    "x = [-2.1, -1,  4.3]\n",
    "y = [3,  1.1,  0.12]\n",
    "X = np.stack((x, y), axis=0)\n",
    "\n",
    "print(X)\n",
    "np.cov(X, rowvar=False)"
   ]
  },
  {
   "cell_type": "code",
   "execution_count": null,
   "id": "1bce4535",
   "metadata": {},
   "outputs": [],
   "source": []
  },
  {
   "cell_type": "code",
   "execution_count": null,
   "id": "2b87ea21",
   "metadata": {},
   "outputs": [],
   "source": []
  },
  {
   "cell_type": "code",
   "execution_count": null,
   "id": "51c99642",
   "metadata": {},
   "outputs": [],
   "source": []
  },
  {
   "cell_type": "code",
   "execution_count": null,
   "id": "cb419c54",
   "metadata": {},
   "outputs": [],
   "source": []
  },
  {
   "cell_type": "code",
   "execution_count": 6,
   "id": "0d7f0d2c",
   "metadata": {},
   "outputs": [],
   "source": [
    "def emailToPlus(baseList, addList):\n",
    "    for item in addList:\n",
    "        if item and not item in baseList:\n",
    "            baseList.append(item)\n",
    "            \n",
    "    return baseList"
   ]
  },
  {
   "cell_type": "code",
   "execution_count": 7,
   "id": "7a0fea9d",
   "metadata": {},
   "outputs": [],
   "source": [
    "import csv\n",
    "import datetime\n",
    "import os\n",
    "\n",
    "from itertools import islice\n",
    "\n",
    "\n",
    "attackDatasetDir = 'D:\\\\Dataset\\\\answers\\\\r5.2'\n",
    "timeFormat = '%m/%d/%Y %H:%M:%S'\n",
    "\n",
    "AttackUserActs = {}\n",
    "for i in range(1,5):\n",
    "    fileList = os.listdir(attackDatasetDir+'-'+str(i))\n",
    "    for file in fileList:\n",
    "        f = open(attackDatasetDir+'-'+str(i)+'\\\\'+file, 'r',encoding='utf-8')\n",
    "        user = file.split('-')[2][:-4]\n",
    "        fileData = csv.reader(f)\n",
    "        \n",
    "        for row in fileData:\n",
    "            logType = row[0]\n",
    "            if logType == 'file':\n",
    "                pc = row[4]\n",
    "                actTime = row[2]\n",
    "                fileName = row[5]\n",
    "                act = row[6]\n",
    "                toUsb = row[7]\n",
    "                fromUsb = row[8]\n",
    "                \n",
    "                userAct = {}\n",
    "                userAct['logType'] = logType\n",
    "                userAct['actTime'] = actTime\n",
    "                userAct['pc'] = pc\n",
    "                userAct['act'] = act\n",
    "                userAct['fileName'] = fileName\n",
    "                userAct['toUsb'] = toUsb\n",
    "                userAct['fromUsb'] = fromUsb\n",
    "                \n",
    "                if user in AttackUserActs:\n",
    "                    AttackUserActs[user].append(userAct)\n",
    "            \n",
    "                else:\n",
    "                    AttackUserActs[user] = [userAct]\n",
    "                    \n",
    "            elif logType == 'email':\n",
    "                pc = row[4]\n",
    "        \n",
    "                actTime = row[2]\n",
    "                emailToList = row[5].split(';')\n",
    "                emailToList = emailToPlus(emailToList, row[6].split(';'))\n",
    "                emailToList = emailToPlus(emailToList, row[7].split(';'))\n",
    "                emailFrom = row[8]\n",
    "                act = row[9]\n",
    "                files = row[11].split(';')\n",
    "\n",
    "                userAct = {}\n",
    "                userAct['logType'] = 'email'\n",
    "                userAct['actTime'] = actTime\n",
    "                userAct['pc'] = pc\n",
    "                userAct['act'] = act\n",
    "                userAct['files'] = files\n",
    "                userAct['emailToList'] = emailToList\n",
    "                userAct['emailFrom'] = emailFrom\n",
    "                \n",
    "                if user in AttackUserActs:\n",
    "                    AttackUserActs[user].append(userAct)\n",
    "            \n",
    "                else:\n",
    "                    AttackUserActs[user] = [userAct]\n",
    "    "
   ]
  },
  {
   "cell_type": "code",
   "execution_count": 8,
   "id": "acb3304b",
   "metadata": {},
   "outputs": [
    {
     "name": "stdout",
     "output_type": "stream",
     "text": [
      "['id', 'date', 'user', 'pc', 'filename', 'activity', 'to_removable_media', 'from_removable_media', 'content']\n",
      "100000\n",
      "200000\n",
      "300000\n",
      "400000\n",
      "500000\n",
      "600000\n",
      "700000\n",
      "800000\n"
     ]
    }
   ],
   "source": [
    "import csv\n",
    "import datetime\n",
    "\n",
    "from itertools import islice\n",
    "\n",
    "\n",
    "datasetDir = 'D:\\\\Dataset\\\\r5.2.tar\\\\r5.2\\\\'\n",
    "timeFormat = '%m/%d/%Y %H:%M:%S'\n",
    "\n",
    "f = open(datasetDir+'file.csv', 'r',encoding='utf-8')\n",
    "fileData = csv.reader(f)\n",
    "\n",
    "headers = next(fileData, None)\n",
    "print(headers)\n",
    "\n",
    "NormalUserFileActs = {}\n",
    "count = 0\n",
    "for row in fileData:\n",
    "    user = row[2]\n",
    "    pc = row[3]\n",
    "    actTime = row[1]\n",
    "    fileName = row[4]\n",
    "    act = row[5]\n",
    "    toUsb = row[6]\n",
    "    fromUsb = row[7]\n",
    "    \n",
    "    if user not in AttackUserActs:\n",
    "        userAct = {}\n",
    "        userAct['logType'] = 'file'\n",
    "        userAct['actTime'] = actTime\n",
    "        userAct['pc'] = pc\n",
    "        userAct['act'] = act\n",
    "        userAct['fileName'] = fileName\n",
    "        userAct['toUsb'] = toUsb\n",
    "        userAct['fromUsb'] = fromUsb\n",
    "\n",
    "        if user in NormalUserFileActs:\n",
    "            NormalUserFileActs[user].append(userAct)\n",
    "\n",
    "        else:\n",
    "            NormalUserFileActs[user] = [userAct]\n",
    "            \n",
    "        count += 1\n",
    "        if count % 100000 == 0:\n",
    "            print(count)\n",
    "            \n",
    "    else:\n",
    "        currentTime = datetime.datetime.strptime(row[1], timeFormat)\n",
    "        AttackStartTime = datetime.datetime.strptime(AttackUserActs[user][0]['actTime'], timeFormat)\n",
    "        AttackEndTime = datetime.datetime.strptime(AttackUserActs[user][-1]['actTime'], timeFormat)\n",
    "        \n",
    "        if currentTime < AttackStartTime or currentTime > AttackEndTime:\n",
    "            userAct = {}\n",
    "            userAct['logType'] = 'file'\n",
    "            userAct['actTime'] = actTime\n",
    "            userAct['pc'] = pc\n",
    "            userAct['act'] = act\n",
    "            userAct['fileName'] = fileName\n",
    "            userAct['toUsb'] = toUsb\n",
    "            userAct['fromUsb'] = fromUsb\n",
    "\n",
    "            if user in NormalUserFileActs:\n",
    "                NormalUserFileActs[user].append(userAct)\n",
    "\n",
    "            else:\n",
    "                NormalUserFileActs[user] = [userAct]\n",
    "                \n",
    "            count += 1\n",
    "            if count % 100000 == 0:\n",
    "                print(count)"
   ]
  },
  {
   "cell_type": "code",
   "execution_count": 9,
   "id": "05e712ec",
   "metadata": {
    "scrolled": true
   },
   "outputs": [
    {
     "name": "stdout",
     "output_type": "stream",
     "text": [
      "['id', 'date', 'user', 'pc', 'to', 'cc', 'bcc', 'from', 'activity', 'size', 'attachments', 'content']\n",
      "100000\n",
      "200000\n",
      "300000\n",
      "400000\n",
      "500000\n",
      "600000\n",
      "700000\n",
      "800000\n",
      "900000\n",
      "1000000\n",
      "1100000\n",
      "1200000\n",
      "1300000\n",
      "1400000\n",
      "1500000\n",
      "1600000\n",
      "1700000\n",
      "1800000\n",
      "1900000\n",
      "2000000\n",
      "2100000\n",
      "2200000\n",
      "2300000\n",
      "2400000\n",
      "2500000\n",
      "2600000\n",
      "2700000\n",
      "2800000\n",
      "2900000\n",
      "3000000\n",
      "3100000\n",
      "3200000\n",
      "3300000\n",
      "3400000\n",
      "3500000\n",
      "3600000\n",
      "3700000\n"
     ]
    }
   ],
   "source": [
    "import csv\n",
    "import datetime\n",
    "from itertools import islice\n",
    "\n",
    "\n",
    "datasetDir = 'D:\\\\Dataset\\\\r5.2.tar\\\\r5.2\\\\'\n",
    "timeFormat = '%m/%d/%Y %H:%M:%S'\n",
    "\n",
    "f = open(datasetDir+'email.csv', 'r',encoding='utf-8')\n",
    "fileData = csv.reader(f)\n",
    "\n",
    "headers = next(fileData, None)\n",
    "print(headers)\n",
    "\n",
    "NormalUserEmailActs = {}\n",
    "count = 0\n",
    "for row in fileData:\n",
    "    if row[10]:\n",
    "        user = row[2]\n",
    "        pc = row[3]\n",
    "        \n",
    "        actTime = row[1]\n",
    "        emailToList = row[4].split(';')\n",
    "        emailToList = emailToPlus(emailToList, row[5].split(';'))\n",
    "        emailToList = emailToPlus(emailToList, row[6].split(';'))\n",
    "        emailFrom = row[7]\n",
    "        act = row[8]\n",
    "        files = row[10].split(';')\n",
    "        \n",
    "        if user not in AttackUserActs:\n",
    "            userAct = {}\n",
    "            userAct['logType'] = 'email'\n",
    "            userAct['actTime'] = actTime\n",
    "            userAct['pc'] = pc\n",
    "            userAct['act'] = act\n",
    "            userAct['files'] = files\n",
    "            userAct['emailToList'] = emailToList\n",
    "            userAct['emailFrom'] = emailFrom\n",
    "            \n",
    "            if user in NormalUserEmailActs:\n",
    "                NormalUserEmailActs[user].append(userAct)\n",
    "\n",
    "            else:\n",
    "                NormalUserEmailActs[user] = [userAct]\n",
    "                \n",
    "            count += 1\n",
    "            if count % 100000 == 0:\n",
    "                print(count)\n",
    "\n",
    "        else:\n",
    "            currentTime = datetime.datetime.strptime(row[1], timeFormat)\n",
    "            AttackStartTime = datetime.datetime.strptime(AttackUserActs[user][0]['actTime'], timeFormat)\n",
    "            AttackEndTime = datetime.datetime.strptime(AttackUserActs[user][-1]['actTime'], timeFormat)\n",
    "\n",
    "            if currentTime < AttackStartTime or currentTime > AttackEndTime:\n",
    "                userAct = {}\n",
    "                userAct['logType'] = 'email'\n",
    "                userAct['actTime'] = actTime\n",
    "                userAct['pc'] = pc\n",
    "                userAct['act'] = act\n",
    "                userAct['files'] = files\n",
    "                userAct['emailToList'] = emailToList\n",
    "                userAct['emailFrom'] = emailFrom\n",
    "\n",
    "                if user in NormalUserEmailActs:\n",
    "                    NormalUserEmailActs[user].append(userAct)\n",
    "\n",
    "                else:\n",
    "                    NormalUserEmailActs[user] = [userAct]\n",
    "                    \n",
    "                count += 1\n",
    "                if count % 100000 == 0:\n",
    "                    print(count)"
   ]
  },
  {
   "cell_type": "code",
   "execution_count": 10,
   "id": "55ad756b",
   "metadata": {},
   "outputs": [],
   "source": [
    "def mergeActs(fileActs, emailActs):\n",
    "    fileIdx = 0\n",
    "    emailIdx = 0\n",
    "    mergedActs = []\n",
    "    while fileIdx < len(fileActs) and emailIdx < len(emailActs):\n",
    "        fileActTime = datetime.datetime.strptime(fileActs[fileIdx]['actTime'], timeFormat)\n",
    "        emailActTime = datetime.datetime.strptime(emailActs[emailIdx]['actTime'], timeFormat)\n",
    "        \n",
    "        if fileActTime <= emailActTime:\n",
    "            mergedActs.append(fileActs[fileIdx])\n",
    "            fileIdx += 1\n",
    "            \n",
    "        else:\n",
    "            mergedActs.append(emailActs[emailIdx])\n",
    "            emailIdx += 1\n",
    "            \n",
    "    if emailIdx < len(emailActs):\n",
    "        mergedActs = mergedActs + emailActs[emailIdx:]\n",
    "        \n",
    "    elif fileIdx < len(fileActs):\n",
    "        mergedActs = mergedActs + fileActs[fileIdx:]\n",
    "        \n",
    "    return mergedActs"
   ]
  },
  {
   "cell_type": "code",
   "execution_count": 11,
   "id": "1427361d",
   "metadata": {},
   "outputs": [
    {
     "name": "stdout",
     "output_type": "stream",
     "text": [
      "100\n",
      "200\n",
      "300\n",
      "400\n",
      "500\n",
      "600\n",
      "700\n",
      "800\n",
      "900\n",
      "1000\n",
      "1100\n",
      "1200\n",
      "1300\n",
      "1400\n",
      "1500\n",
      "1600\n",
      "1700\n",
      "1800\n",
      "1900\n",
      "2000\n"
     ]
    }
   ],
   "source": [
    "NormalUserActs = {}\n",
    "\n",
    "count = 0\n",
    "for user in NormalUserEmailActs:\n",
    "    if user in NormalUserFileActs:\n",
    "        NormalUserActs[user] = mergeActs(NormalUserFileActs[user], NormalUserEmailActs[user])\n",
    "        \n",
    "    else:\n",
    "        NormalUserActs[user] = NormalUserEmailActs[user]\n",
    "        \n",
    "    count += 1\n",
    "    if count % 100 == 0:\n",
    "        print(count)\n",
    "        \n",
    "for user in NormalUserFileActs:\n",
    "    if not user in NormalUserActs:\n",
    "        NormalUserActs[user] = NormalUserFileActs[user]\n",
    "        \n",
    "        count += 1\n",
    "        if count % 100 == 0:\n",
    "            print(count)"
   ]
  },
  {
   "cell_type": "code",
   "execution_count": 12,
   "id": "2324e4cf",
   "metadata": {},
   "outputs": [
    {
     "name": "stdout",
     "output_type": "stream",
     "text": [
      "{'Send': 2136, 'Receive': 3942, 'File Open': 339, 'File Write': 286}\n",
      "{'Send': 2243, 'Receive': 1745}\n",
      "{'Send': 1308, 'Receive': 2010}\n",
      "{'Send': 1563, 'Receive': 2761}\n",
      "{'Send': 1050, 'Receive': 2152}\n",
      "{'Send': 143, 'Receive': 389}\n",
      "{'Send': 1315, 'Receive': 2676, 'File Open': 370, 'File Write': 310}\n",
      "{'Send': 1276, 'Receive': 2641}\n",
      "{'Send': 589, 'Receive': 3348, 'File Open': 564, 'File Write': 469}\n",
      "{'Receive': 2571, 'File Open': 561, 'File Write': 468, 'Send': 1224}\n",
      "{'Send': 117, 'Receive': 574, 'File Open': 893, 'File Write': 760}\n",
      "{'Receive': 2671, 'Send': 1337}\n",
      "{'Send': 396, 'Receive': 1504}\n",
      "{'Send': 1963, 'Receive': 3673}\n",
      "{'Send': 1909, 'Receive': 3235}\n",
      "{'Send': 1164, 'Receive': 1200}\n",
      "{'Send': 496, 'Receive': 1456}\n",
      "{'Send': 1172, 'Receive': 2621}\n",
      "{'Send': 1293, 'Receive': 2447}\n",
      "{'Send': 1645, 'Receive': 2937, 'File Open': 211, 'File Write': 164}\n",
      "{'Send': 138, 'Receive': 315, 'File Open': 659, 'File Write': 554}\n",
      "{'Send': 1958, 'Receive': 3197, 'File Open': 96, 'File Write': 55}\n",
      "{'Send': 1319, 'Receive': 2760, 'File Open': 139, 'File Write': 124}\n",
      "{'Send': 1228, 'Receive': 2873}\n",
      "{'File Open': 5701, 'Send': 114, 'File Write': 4833, 'Receive': 775}\n",
      "{'Send': 1299, 'Receive': 2073}\n",
      "{'Send': 2332, 'Receive': 5069}\n",
      "{'Send': 1292, 'File Open': 455, 'File Write': 378, 'Receive': 1208}\n",
      "{'Send': 1325, 'Receive': 1366, 'File Open': 446, 'File Write': 346}\n",
      "{'Send': 1163, 'Receive': 1708}\n",
      "{'Send': 1114, 'Receive': 3230, 'File Open': 101, 'File Write': 74}\n",
      "{'Send': 2109, 'Receive': 3690, 'File Open': 721, 'File Write': 600}\n",
      "{'Send': 145, 'Receive': 493}\n",
      "{'Send': 1249, 'Receive': 3001, 'File Open': 2130, 'File Write': 1825}\n",
      "{'Send': 1570, 'Receive': 1568, 'File Open': 1588, 'File Write': 1350}\n",
      "{'Receive': 1549, 'Send': 432}\n",
      "{'Send': 382, 'Receive': 1687}\n",
      "{'File Open': 5860, 'File Write': 4842, 'Receive': 746, 'Send': 393}\n",
      "{'Send': 410, 'Receive': 1823, 'File Open': 1657, 'File Write': 1450}\n",
      "{'Send': 147, 'Receive': 1486}\n",
      "{'Send': 1198, 'Receive': 2170, 'File Open': 901, 'File Write': 789}\n",
      "{'Send': 696, 'Receive': 1775}\n",
      "{'Send': 409, 'Receive': 1018, 'File Open': 276, 'File Write': 204}\n",
      "{'Receive': 870, 'Send': 132}\n",
      "{'File Open': 502, 'Send': 2290, 'Receive': 1765, 'File Write': 421}\n",
      "{'Send': 1414, 'Receive': 3340, 'File Open': 4550, 'File Write': 3871}\n",
      "{'Send': 416, 'Receive': 1638}\n",
      "{'Send': 638, 'Receive': 1227}\n",
      "{'Send': 673, 'Receive': 1555}\n",
      "{'Send': 1227, 'Receive': 2238, 'File Open': 164, 'File Write': 129}\n",
      "{'Send': 657, 'Receive': 1345}\n",
      "{'File Open': 718, 'Send': 126, 'File Write': 664, 'Receive': 403}\n",
      "{'Send': 521, 'Receive': 1682}\n",
      "{'Send': 1141, 'Receive': 2486}\n",
      "{'Send': 1660, 'Receive': 3605, 'File Open': 139, 'File Write': 99}\n",
      "{'File Open': 1691, 'File Write': 1439, 'Send': 578, 'Receive': 2269}\n",
      "{'Send': 2232, 'Receive': 4079, 'File Open': 616, 'File Write': 495}\n",
      "{'Send': 2651, 'Receive': 4015, 'File Open': 97, 'File Write': 92}\n",
      "{'File Open': 562, 'Send': 1763, 'Receive': 3000, 'File Write': 464}\n",
      "{'File Open': 3840, 'File Write': 3174, 'Receive': 1098, 'Send': 370}\n",
      "{'File Open': 1099, 'Send': 147, 'Receive': 355, 'File Write': 966}\n",
      "{'Receive': 1757, 'Send': 616}\n",
      "{'Send': 2701, 'Receive': 6124, 'File Open': 159, 'File Write': 140}\n",
      "{'Send': 185, 'File Open': 206, 'File Write': 181, 'Receive': 238}\n",
      "{'Send': 73, 'File Open': 1062, 'File Write': 885, 'Receive': 272}\n",
      "{'Send': 4146, 'Receive': 6575}\n",
      "{'File Open': 897, 'File Write': 756, 'Send': 601, 'Receive': 1583}\n",
